	taipale-GATGACGTCATC-XBP1-DBD.cb	homer-M00097.cb	transfac_public-M00177.cb	homer-M00098.cb	transfac_public-M00114.cb	transfac_public-M00051.cb	flyfactorsurvey-Crc_CG6272_SANGER_5_FBgn0036126.cb	swissregulon-NFKB1_REL_RELA.p2.cb	taipale-NATGACGTCAYN-JDP2-DBD.cb	factorbook-CREB.cb	hdpi-HCFC2.cb	taipale-NNATGAYGCAATN-ATF4-DBD.cb
chr10:112255654-112255945	0.0	0.0	0.0	0.0	0.526	3.12	0.0	0.964	0.0	0.212	1.15	0.0
chr10:112256946-112257785	0.0	0.144	0.232	0.0	0.223	4.77	0.0137	2.63	0.0	0.874	3.7	0.0
chr10:112260553-112261681	0.0	0.637	1.2	0.0	0.259	1.59	3.24	1.55	0.0	1.24	5.56	0.0
chr10:112260673-112261489	0.0	0.637	1.27	0.0	0.259	0.744	3.32	0.0524	0.0	1.24	4.14	0.0
chr10:112260908-112261388	0.0	0.637	0.283	0.0	0.0	0.744	1.53	0.0524	0.0	1.09	2.1	0.0
chr10:112262252-112263240	0.0	0.188	0.426	0.403	0.0734	0.511	1.32	1.66	0.0	0.73	6.35	0.0
chr10:112262467-112263387	0.0	0.188	1.3	0.403	5.15	0.39	1.32	1.66	0.0	0.73	7.89	0.0
chr10:112263417-112264476	0.0	0.0	0.778	0.0	1.94	6.32	1.09	8.08	0.0	0.428	5.61	0.0
chr10:112263463-112264347	0.0	0.0	0.844	0.0	2.03	6.32	1.09	8.08	0.0	0.428	5.61	0.0
chr10:75668615-75669312	2.6	5.73	1.2	4.02	0.303	3.97	0.559	4.41	1.92	0.606	4.47	0.0
chr10:75668665-75669245	2.6	5.73	1.2	4.02	0.152	3.97	0.559	4.41	1.92	0.606	3.16	0.0
chr11:1585608-1586318	7.57	7.02	5.49	7.33	3.01	0.0	2.17	0.0	6.81	4.78	2.07	0.658
chr11:1585618-1586267	7.57	7.02	5.49	7.33	3.01	0.0	2.17	0.0	6.81	4.78	2.07	0.658
chr11:1585694-1586148	7.57	7.02	5.49	7.33	3.01	0.0	2.17	0.0	6.81	4.78	2.07	0.658
chr11:1585763-1586198	7.57	7.02	5.49	7.33	3.01	0.0	2.17	0.0	6.81	4.78	2.07	0.658
chr11:1593328-1593836	18.9	22.0	12.9	20.5	4.31	0.192	6.62	0.534	13.7	12.3	1.73	0.454
chr11:1593359-1593766	18.9	22.0	12.9	20.5	4.31	0.0	6.62	0.534	13.7	12.3	1.06	0.454
chr11:1593409-1593768	18.9	22.0	12.9	20.5	4.31	0.0	6.62	0.534	13.7	12.3	1.06	0.454
chr11:1593416-1593782	18.9	22.0	12.9	20.5	4.31	0.0	6.62	0.534	13.7	12.3	1.64	0.454
chr1:212731814-212732944	12.6	8.03	11.5	7.05	5.77	3.62	8.3	4.71	6.9	7.16	4.48	2.27
chr1:212731995-212732798	12.6	8.03	11.5	7.05	5.77	3.6	8.3	4.72	6.9	7.16	3.26	2.27
chr1:212731999-212732888	12.6	8.03	11.5	7.05	5.77	3.56	8.3	4.73	6.9	7.16	3.26	2.27
chr1:212732102-212732738	12.6	8.03	11.5	7.05	5.77	0.589	8.3	3.16	6.9	7.16	3.09	2.27
chr1:212739788-212740967	0.0	0.00675	2.28	0.0	0.0	1.6	0.0724	3.07	0.0	3.62	3.26	0.0
chr1:212739816-212740998	0.0	0.00675	2.28	0.0	0.0	1.6	0.0724	3.07	0.0	3.62	3.26	0.0
chr1:212780451-212781026	0.0	0.451	1.37	0.0	0.0	2.21	1.73	2.61	0.0	0.981	2.11	0.607
chr1:212781377-212782462	5.74	4.35	7.66	3.53	2.76	0.338	13.0	0.85	3.94	12.3	2.47	11.1
chr1:212781450-212782348	5.74	4.35	7.66	3.53	2.76	0.338	13.0	0.85	3.94	12.3	0.961	11.1
chr1:212781600-212782314	5.74	4.35	7.66	3.53	2.76	0.0	13.0	0.0	3.94	12.3	0.784	11.1
chr1:212781655-212782318	5.74	4.35	7.66	3.53	2.76	0.0	13.0	0.0	3.94	12.3	0.784	11.1
chr1:212782667-212783212	0.0	0.0	0.0	0.0	0.0	2.05	0.0	0.0746	0.0	0.0	2.26	0.0
chr1:212782728-212783071	0.0	0.0	0.0	0.0	0.0	1.92	0.0	0.101	0.0	0.0	2.34	0.0
chr1:221914976-221917478	0.977	7.37	2.22	6.79	1.26	1.87	3.3	1.62	4.65	6.59	2.23	0.332
chr1:221915018-221916198	0.977	7.37	1.79	6.79	1.26	1.41	3.3	0.664	4.65	6.59	0.992	0.332
chr1:221915107-221916133	0.977	7.37	1.79	6.79	1.26	1.41	3.3	0.664	4.65	6.59	0.992	0.332
chr1:221915381-221916174	0.977	7.37	1.79	6.79	1.26	1.41	3.3	0.664	4.65	6.59	0.992	0.332
chr1:221916842-221917469	0.0	0.131	2.48	0.0	0.226	1.87	0.26	1.62	0.0	1.42	2.47	0.0
chr12:56727134-56728576	0.0	0.0308	3.11	0.0	2.11	4.33	0.589	3.36	0.0	2.24	2.53	0.0
chr12:56727219-56728386	0.0	0.0	3.11	0.0	0.6	4.33	0.533	3.36	0.0	2.24	2.28	0.0
chr12:56727281-56728048	0.0	0.0	3.11	0.0	0.6	1.49	0.533	3.36	0.0	2.24	2.24	0.0
chr12:56727549-56728418	0.0	0.0	3.11	0.0	0.6	4.33	0.533	3.36	0.0	2.24	2.76	0.0
chr12:57913195-57914898	0.0	1.68	2.21	0.245	4.36	2.66	7.54	3.75	0.0	8.31	1.93	8.56
chr12:57913204-57914716	0.0	1.68	2.21	0.245	4.36	2.48	7.54	3.75	0.0	8.31	1.93	8.56
chr12:57913501-57915018	0.0	1.68	1.59	0.245	4.36	2.88	7.54	3.75	0.0	8.31	1.63	8.56
chr12:57913980-57914932	0.0	1.68	1.59	0.245	4.36	2.83	7.54	3.73	0.0	8.31	1.46	8.56
chr12:57915559-57916525	0.27	1.2	0.249	0.0	0.0	0.61	0.926	0.0	0.0	0.0	1.17	0.0
chr12:57915625-57916362	0.27	1.2	0.249	0.0	0.0	0.921	0.926	0.0	0.0	0.0	0.738	0.0
chr12:57915699-57916246	0.27	1.2	0.249	0.0	0.0	0.235	0.926	0.0	0.0	0.0	0.727	0.0
chr12:57915769-57916190	0.27	1.2	0.32	0.0	0.0	0.235	0.9	0.0	0.0	0.0	0.654	0.0
chr12:58145503-58145909	0.0	0.0	0.214	0.0	0.0	2.28	0.992	0.0	0.0	1.36	1.1	1.07
chr12:58145567-58146864	1.44	1.41	2.59	1.42	0.812	2.12	1.66	0.0	0.0	1.36	1.28	1.46
chr12:58145883-58146467	1.44	1.42	2.97	0.473	0.843	0.039	1.65	0.0	0.0	1.38	1.03	0.684
chr12:58145929-58146566	1.44	0.988	2.66	0.198	0.812	0.0496	1.33	0.0	0.0	1.03	1.03	0.684
chr12:58145971-58146372	1.59	0.0	0.0241	0.0	0.0922	0.0	1.02	0.0	0.0	0.0	1.03	0.476
chr13:48878501-48879184	0.0	0.0	0.0	0.0	0.0446	0.0	3.68	0.0	0.0	0.161	2.21	1.86
chr13:48878508-48879217	0.0	0.0785	0.0	0.0	0.0	0.0	4.09	0.0	0.0	0.141	2.21	2.24
chr14:75745115-75748562	3.36	1.63	7.91	0.0283	3.79	4.03	2.61	2.38	0.0	3.39	3.93	0.401
chr14:75745152-75749568	3.36	1.19	7.91	0.0283	3.79	4.03	2.2	2.38	0.0	3.39	3.87	0.401
chr14:75893167-75894036	0.53	4.46	1.89	4.08	0.0221	1.99	0.948	2.54	0.646	2.34	2.1	0.0
chr14:75893272-75893774	0.53	4.46	1.89	4.08	0.0221	2.02	0.948	2.46	0.646	2.34	1.9	0.0
chr1:59248341-59248794	0.758	0.0	1.08	0.0	0.51	0.312	0.0	0.0324	0.0	0.0784	4.8	0.0
chr1:59248652-59250554	6.67	12.2	5.55	9.68	6.38	1.59	7.85	1.11	4.26	7.48	2.55	6.45
chr1:59248912-59251252	6.67	12.2	5.55	9.68	6.38	3.9	7.85	2.85	4.26	7.48	4.04	6.45
chr1:59249175-59251069	6.67	12.2	5.55	9.68	6.38	3.9	7.85	2.85	4.26	7.48	2.55	6.45
chr1:59249222-59250919	6.67	12.2	5.55	9.68	6.38	3.9	7.85	2.85	4.26	7.48	2.55	6.45
chr17:26137035-26137988	0.0	0.696	2.81	0.0	0.481	1.62	1.28	0.714	0.0	0.884	1.92	0.0
chr17:26137153-26137873	0.0	0.0	2.81	0.0	0.319	1.11	1.28	0.211	0.0	0.884	1.92	0.0
chr17:29421529-29422103	9.24	8.79	5.47	9.12	3.15	1.35	3.74	0.0	9.95	5.71	0.877	2.51
chr17:29421531-29422097	9.24	8.79	5.47	9.12	3.15	1.35	3.74	0.0	9.95	5.71	0.877	2.51
chr17:29421547-29422051	9.24	8.79	5.47	9.12	3.15	1.35	3.74	0.0	9.95	5.71	0.877	2.51
chr17:29421597-29422031	9.24	8.79	5.47	9.12	3.15	1.35	3.74	0.0	9.95	5.71	1.08	2.51
chr17:76352009-76352929	4.84	4.72	8.09	3.57	2.1	2.05	6.01	0.689	0.694	3.42	2.73	1.43
chr17:76352200-76352789	5.11	4.72	8.41	3.57	2.34	2.05	6.27	0.689	1.01	3.74	2.73	1.74
chr17:76352231-76352925	4.84	4.72	8.09	3.57	2.1	2.05	6.01	0.689	0.694	3.42	2.73	1.43
chr17:76352263-76352786	5.16	4.72	8.43	3.57	2.39	1.81	6.3	0.689	1.05	3.76	2.49	1.79
chr18:60978519-60979484	0.0	0.0	2.05	0.0	0.962	4.92	0.654	4.86	0.0	0.0	3.12	0.0
chr18:60978526-60979461	0.0	0.0	2.05	0.0	0.962	4.92	0.654	4.86	0.0	0.0	3.12	0.0
chr1:86622413-86622924	1.4	7.18	1.83	7.46	0.198	0.0	3.65	0.0	5.19	4.23	0.551	1.07
chr1:86622471-86622940	1.4	7.18	1.83	7.46	0.198	0.0	3.65	0.0	5.19	4.23	0.523	1.07
chr19:12892984-12893996	3.03	0.217	2.91	0.363	4.26	4.94	0.51	7.7	0.0	0.606	6.67	0.0
chr19:12893560-12893824	0.0	0.0	0.0	0.0	2.89	4.94	0.0	7.73	0.0	0.0	3.24	0.0
chr19:12894029-12894559	0.0	0.0	0.0426	0.0	0.625	1.16	0.0836	0.701	0.0	0.215	0.938	0.0
chr19:12894101-12894516	0.0	0.0	0.0426	0.0	0.625	0.0378	0.0836	0.0	0.0	0.14	0.725	0.0
chr19:12895684-12896458	0.0	0.0	0.724	0.0	0.0	0.0	0.0	0.0	0.0	0.0	0.546	0.0
chr19:12899310-12900262	0.0	2.3	2.01	0.282	0.789	2.5	0.0	3.97	0.0	3.16	2.6	0.0686
chr19:12899408-12900382	0.0	0.364	2.01	0.0	0.789	2.5	0.0	3.97	0.0	0.0	3.15	0.0396
chr19:12900004-12900379	0.0	0.0	0.405	0.0	0.688	2.12	0.0	0.603	0.0	0.0	3.06	0.0396
chr19:12900589-12901230	0.0	0.0	0.994	0.0	2.23	0.528	0.726	0.73	0.0	0.0	0.44	0.798
chr19:12900723-12901091	0.0	0.0	0.512	0.0	0.0	0.0231	0.722	0.73	0.0	0.0	0.475	0.0
chr19:12901966-12905323	0.863	0.292	3.08	0.0	0.819	11.8	0.522	15.6	0.0	4.45	5.18	0.0
chr19:12901987-12902582	0.0	0.392	1.06	0.0	0.516	0.557	0.522	0.0	0.0	3.23	2.75	0.0
chr19:12903129-12903977	0.863	0.0	0.745	0.0	0.791	0.325	0.0	0.0	0.0	0.0	0.672	0.0
chr19:12903944-12904664	0.0115	0.0	3.08	0.0	0.0	12.0	0.269	15.9	0.0	4.45	5.37	0.0
chr19:12904144-12904904	0.0	0.0	3.08	0.0	0.0	11.8	0.269	15.6	0.0	4.45	5.18	0.0
chr19:12904237-12904697	0.0	0.0	3.08	0.0	0.0	11.8	0.269	15.7	0.0	4.45	5.2	0.0
chr19:12904722-12905262	0.0	0.0	0.0	0.0	1.22	1.59	0.0	1.14	0.0	0.0	2.44	0.0
chr19:18389710-18390929	0.198	1.64	3.34	1.73	0.912	1.74	2.71	4.23	0.0	1.38	2.53	0.0
chr19:18390026-18391113	0.198	0.0444	3.34	0.0	0.912	7.48	2.71	5.52	0.0	1.38	3.26	0.0
chr19:18390173-18391631	0.198	0.0444	3.34	0.0	0.912	7.39	2.71	5.22	0.0	1.38	2.81	0.0
chr19:18390189-18390978	0.198	0.0444	3.34	0.0	0.912	0.0265	2.71	1.28	0.0	1.38	1.64	0.0
chr19:18391185-18391577	0.0	0.0	0.19	0.0	0.29	0.0	0.0	0.0	0.0	0.0	0.959	0.0
chr19:18391203-18391608	0.0	0.0	0.19	0.0	0.0651	0.0	0.0	0.0	0.0	0.0	0.865	0.0
chr19:18391722-18393301	6.98	11.0	6.56	9.07	10.5	2.31	3.41	1.94	5.98	4.8	3.86	0.121
chr19:18392068-18393380	6.98	11.0	6.56	9.07	10.5	2.31	3.41	1.94	5.98	4.8	2.46	0.121
chr19:18392092-18392709	6.91	11.0	6.48	8.99	10.3	0.87	3.34	1.94	5.91	4.74	2.46	0.0911
chr19:18392192-18392765	6.98	11.0	6.56	9.07	10.5	0.891	3.41	1.98	5.98	4.8	2.43	0.121
chr19:18392818-18393296	0.0	0.0	0.00162	0.0	0.0	2.33	0.287	0.0	0.0	0.299	1.25	0.0
chr19:18392820-18393104	0.0	0.0	0.0	0.0	0.0	2.33	0.241	0.0	0.0	0.28	1.18	0.0
chr20:30305006-30305797	0.0	0.0	0.941	0.0	0.374	12.1	0.132	9.86	0.0	0.883	11.8	0.0
chr20:30305045-30305749	0.0	0.0	0.946	0.0	0.374	12.1	0.132	9.86	0.0	0.909	11.6	0.0
chr2:208393646-208394121	1.6	0.0	2.96	0.0	3.07	3.12	0.0	2.36	0.0	0.339	5.41	0.0
chr2:208394048-208394950	0.0	0.0	0.0	0.0	1.1	8.72	0.73	10.3	0.0	0.413	8.67	0.0
chr2:208394550-208395012	0.0	0.0	0.0	0.0	0.0	2.92	0.581	4.62	0.0	0.413	1.52	0.0
chr2:208394554-208394926	0.0	0.0	0.167	0.0	0.0	0.279	1.11	0.0	0.0	0.413	0.868	0.0
chr2:208395303-208396306	0.0	0.0	0.95	0.0	3.16	2.37	1.17	3.53	0.0	1.69	3.66	0.0
chr2:208395376-208396621	0.0	0.0784	1.2	0.0	3.16	2.37	1.17	3.53	0.0	1.69	3.66	0.0
chr22:22221928-22222747	0.0	0.407	1.15	0.0	0.229	4.92	1.52	0.252	0.0	0.0	1.37	0.0
chr22:22221953-22222625	0.0	0.0626	1.15	0.0	0.229	4.76	1.52	0.161	0.0	0.0	1.37	0.0
chr22:22230879-22231431	0.0	0.517	0.0592	0.0111	0.0	0.000407	0.437	0.0	0.0	1.64	1.03	2.86
chr22:22230967-22231434	0.0	0.0	0.0592	0.0	0.0	0.0	0.437	0.0	0.0	1.64	0.971	2.86
chr3:193848628-193849394	0.0722	0.672	1.54	0.0	0.0	3.11	0.353	1.53	0.0	0.664	0.976	0.0
chr3:193848721-193849515	0.0722	0.937	1.79	0.128	0.0912	3.11	0.0	1.53	0.0	0.65	1.15	0.0
chr4:74600806-74601366	0.538	3.52	3.08	2.34	1.4	0.211	2.2	0.0	0.0	0.184	1.7	2.99
chr4:74600885-74601383	0.538	3.52	2.47	2.34	0.935	0.211	1.93	0.0	0.0	0.0803	1.2	2.64
chr5:172197530-172198616	17.6	11.0	8.14	11.2	6.39	0.382	2.64	0.0592	8.46	5.74	1.18	0.597
chr5:172197885-172198626	17.6	11.0	8.14	11.2	6.39	0.382	2.64	0.0	8.46	5.74	0.952	0.597
chr5:172197927-172198676	17.6	11.0	8.14	11.2	6.39	0.947	2.64	0.0	8.46	5.74	1.64	0.597
chr5:172198090-172198555	17.6	11.0	8.14	11.2	6.39	0.32	2.64	0.0	8.46	5.74	0.477	0.597
chr5:172198755-172199054	0.0	0.0	0.0	0.0	0.0	0.0	0.0	0.616	0.0	0.0	0.615	0.0
chr5:172198814-172199308	0.0	0.0	0.743	0.0	0.0077	0.945	0.0	0.693	0.0	0.0	2.45	0.0
chr5:172198828-172199317	0.0	0.0	0.743	0.0	0.0077	0.945	0.00516	0.693	0.0	0.0	2.45	0.0
chr6:152012142-152012706	0.65	1.01	0.729	0.0	0.0	0.0	1.41	0.0	0.0	1.78	2.56	0.0
chr6:152012179-152012705	0.677	1.01	0.757	0.0	0.0	0.0	1.45	0.0	0.0	1.78	2.56	0.0
chr6:35995065-35995787	0.0	0.0287	0.166	0.0	1.22	2.4	0.524	1.89	0.0	0.173	2.85	0.0
chr6:35995077-35995777	0.0	0.0102	0.148	0.0	1.33	2.4	0.474	1.92	0.0	0.173	2.85	0.0
chr6:35995097-35995725	0.0	0.0	0.0931	0.0	1.9	2.4	0.259	0.546	0.0	0.173	2.85	0.0
chr6:35995130-35995777	0.0	0.0102	0.148	0.0	0.327	2.4	0.217	1.92	0.0	0.173	2.85	0.0
